MSE: 0.210734
R2: 0.990651
